0 0.3734375 0.56953125 0.115625 0.39453125
0 0.52734375 0.8609375 0.0859375 0.278125
0 0.63046875 0.41875 0.084375 0.2859375
0 0.75078125 0.096875 0.06015625 0.19296875
0 0.85859375 0.196875 0.08046875 0.26015625
0 0.84609375 0.4046875 0.0796875 0.26796875
0 0.7921875 0.034375 0.0375 0.06875
0 0.84453125 0.03359375 0.04765625 0.0671875
0 0.94296875 0.175 0.07578125 0.2296875
0 0.73125 0.44921875 0.07265625 0.2796875
0 0.92265625 0.05703125 0.04296875 0.1140625
0 0.1234375 0.38046875 0.09453125 0.27890625
0 0.09296875 0.2609375 0.0890625 0.26796875
0 0.05625 0.3578125 0.09453125 0.275
0 0.94140625 0.0609375 0.0703125 0.121875
0 0.98515625 0.1921875 0.02890625 0.2234375