0 0.3421875 0.59609375 0.1078125 0.36484375
0 0.484375 0.88203125 0.0875 0.2359375
0 0.61015625 0.47421875 0.0828125 0.31953125
0 0.76640625 0.084375 0.0609375 0.16796875
0 0.85625 0.21796875 0.08046875 0.26015625
0 0.840625 0.4359375 0.08203125 0.28515625
0 0.8484375 0.03359375 0.04765625 0.0671875
0 0.9390625 0.178125 0.07578125 0.2296875
0 0.7203125 0.47890625 0.07265625 0.2796875
0 0.92265625 0.05703125 0.04296875 0.1140625
0 0.1734375 0.35546875 0.09453125 0.27890625
0 0.1234375 0.23828125 0.0890625 0.26796875
0 0.0984375 0.33359375 0.09453125 0.275
0 0.94140625 0.0609375 0.0703125 0.121875
0 0.97421875 0.23515625 0.0515625 0.25546875
0 0.04296875 0.671875 0.0859375 0.25546875