0 0.396875 0.55390625 0.09375 0.37578125
0 0.55 0.8359375 0.09296875 0.328125
0 0.64296875 0.41484375 0.07890625 0.27734375
0 0.7421875 0.096875 0.06015625 0.19296875
0 0.86171875 0.18359375 0.08046875 0.26015625
0 0.859375 0.40078125 0.0796875 0.26796875
0 0.7921875 0.034375 0.0375 0.06875
0 0.84140625 0.03359375 0.04765625 0.0671875
0 0.95 0.17109375 0.07578125 0.2296875
0 0.74765625 0.4203125 0.07265625 0.2796875
0 0.9296875 0.05703125 0.04296875 0.1140625
0 0.1125 0.38828125 0.09453125 0.27890625
0 0.084375 0.27578125 0.0890625 0.26796875
0 0.0421875 0.359375 0.07109375 0.26953125
0 0.9484375 0.08984375 0.06953125 0.1796875
0 0.98984375 0.18828125 0.0203125 0.2203125