0 0.48671875 0.45234375 0.08671875 0.325
0 0.60546875 0.75625 0.09296875 0.33828125
0 0.68046875 0.3484375 0.06171875 0.2734375
0 0.71484375 0.103125 0.0609375 0.20390625
0 0.865625 0.14921875 0.08203125 0.28203125
0 0.878125 0.35703125 0.0796875 0.26796875
0 0.7765625 0.04765625 0.03515625 0.0953125
0 0.8109375 0.053125 0.0484375 0.10625
0 0.96796875 0.13203125 0.059375 0.23828125
0 0.77578125 0.36328125 0.0703125 0.25625
0 0.93671875 0.0359375 0.0390625 0.07109375
0 0.03828125 0.4109375 0.0625 0.2796875
0 0.04140625 0.30234375 0.0828125 0.2671875