0 0.24140625 0.7109375 0.125 0.3890625
0 0.4015625 0.9390625 0.0875 0.121875
0 0.56796875 0.5546875 0.0828125 0.31953125
0 0.7796875 0.084375 0.0609375 0.16796875
0 0.83515625 0.2640625 0.08046875 0.26015625
0 0.815625 0.49375 0.08203125 0.28515625
0 0.909375 0.22578125 0.07578125 0.2296875
0 0.69375 0.5453125 0.07578125 0.29609375
0 0.92265625 0.05703125 0.04296875 0.1140625
0 0.24140625 0.321875 0.09453125 0.27890625
0 0.1796875 0.2203125 0.0890625 0.26796875
0 0.16171875 0.30703125 0.09453125 0.275
0 0.8984375 0.11875 0.0875 0.2375
0 0.96640625 0.2421875 0.0671875 0.278125
0 0.0625 0.63671875 0.09609375 0.31171875
0 0.08203125 0.5515625 0.12109375 0.2984375
0 0.97421875 0.05390625 0.040625 0.1046875