0 0.1953125 0.65078125 0.11015625 0.31796875
0 0.41640625 0.81796875 0.0859375 0.3640625
0 0.59296875 0.7640625 0.08203125 0.32109375
0 0.7625 0.62578125 0.07890625 0.2890625
0 0.79609375 0.39375 0.0796875 0.2484375
0 0.871875 0.3140625 0.0640625 0.253125
0 0.91484375 0.353125 0.08984375 0.30625
0 0.8015625 0.2 0.06953125 0.209375
0 0.91015625 0.109375 0.06796875 0.19453125
0 0.95546875 0.0890625 0.0546875 0.178125
0 0.828125 0.05703125 0.05 0.1140625
0 0.38203125 0.259375 0.084375 0.25703125
0 0.3015625 0.23828125 0.08984375 0.265625
0 0.29453125 0.159375 0.07109375 0.25703125
0 0.2484375 0.50859375 0.12109375 0.3