0 0.359375 0.58828125 0.115625 0.39453125
0 0.49921875 0.8609375 0.0859375 0.278125
0 0.61484375 0.46015625 0.0828125 0.31953125
0 0.75625 0.084375 0.0609375 0.16796875
0 0.85625 0.21796875 0.08046875 0.26015625
0 0.83984375 0.43671875 0.08203125 0.28515625
0 0.8484375 0.03359375 0.04765625 0.0671875
0 0.9390625 0.178125 0.07578125 0.2296875
0 0.72421875 0.471875 0.07265625 0.2796875
0 0.92265625 0.05703125 0.04296875 0.1140625
0 0.16328125 0.365625 0.09453125 0.27890625
0 0.1109375 0.24765625 0.0890625 0.26796875
0 0.0796875 0.34140625 0.09453125 0.275
0 0.94140625 0.0609375 0.0703125 0.121875
0 0.98515625 0.1921875 0.02890625 0.2234375