0 0.284375 0.628125 0.11015625 0.31796875
0 0.29375 0.88984375 0.096875 0.2203125
0 0.50625 0.85703125 0.0875 0.2859375
0 0.7171875 0.7421875 0.0796875 0.303125
0 0.74375 0.4953125 0.0796875 0.2484375
0 0.8328125 0.390625 0.0640625 0.253125
0 0.87890625 0.44140625 0.08984375 0.30625
0 0.7359375 0.3015625 0.08671875 0.303125
0 0.8875 0.1859375 0.06796875 0.19453125
0 0.93125 0.11953125 0.05078125 0.1921875
0 0.84140625 0.05703125 0.0484375 0.1140625
0 0.46796875 0.2265625 0.084375 0.25703125
0 0.36953125 0.21171875 0.08984375 0.265625
0 0.36796875 0.14140625 0.07109375 0.25703125
0 0.3359375 0.44609375 0.12109375 0.3
0 0.09140625 0.421875 0.09453125 0.3140625
0 0.925 0.03671875 0.05703125 0.0734375