0 0.41796875 0.5234375 0.0890625 0.3484375
0 0.56640625 0.8359375 0.09296875 0.328125
0 0.653125 0.39296875 0.07890625 0.27734375
0 0.73671875 0.096875 0.06015625 0.19296875
0 0.8625 0.18671875 0.08046875 0.26015625
0 0.8625 0.38671875 0.0796875 0.26796875
0 0.7890625 0.034375 0.0375 0.06875
0 0.83359375 0.04453125 0.0484375 0.0890625
0 0.9484375 0.1578125 0.07578125 0.2296875
0 0.75234375 0.41796875 0.07265625 0.2796875
0 0.93515625 0.04609375 0.0421875 0.09140625
0 0.1125 0.38828125 0.09453125 0.27890625
0 0.084375 0.27578125 0.0890625 0.26796875
0 0.03515625 0.37734375 0.0703125 0.2703125
0 0.9640625 0.08984375 0.06953125 0.1796875
0 0.98984375 0.18828125 0.0203125 0.2203125