0 0.465625 0.47578125 0.0890625 0.3484375
0 0.59765625 0.7796875 0.09296875 0.33828125
0 0.67578125 0.3515625 0.07890625 0.27734375
0 0.71484375 0.103125 0.0609375 0.20390625
0 0.86796875 0.14765625 0.08203125 0.28203125
0 0.875 0.35859375 0.0796875 0.26796875
0 0.7828125 0.034375 0.0375 0.06875
0 0.81953125 0.04453125 0.0484375 0.0890625
0 0.96328125 0.1421875 0.059375 0.23828125
0 0.76953125 0.375 0.0703125 0.25625
0 0.934375 0.04609375 0.04375 0.09140625
0 0.05 0.396875 0.0734375 0.27890625
0 0.04140625 0.296875 0.0828125 0.26640625