0 0.3109375 0.62578125 0.11015625 0.31796875
0 0.26484375 0.9265625 0.1078125 0.146875
0 0.4890625 0.89765625 0.07734375 0.2046875
0 0.7078125 0.74921875 0.0796875 0.303125
0 0.7359375 0.509375 0.0796875 0.2484375
0 0.82265625 0.39609375 0.0640625 0.253125
0 0.878125 0.4578125 0.08984375 0.30625
0 0.725 0.31875 0.08671875 0.303125
0 0.87890625 0.1953125 0.06796875 0.19453125
0 0.9234375 0.134375 0.05078125 0.1921875
0 0.84140625 0.05703125 0.0484375 0.1140625
0 0.48671875 0.21875 0.084375 0.25703125
0 0.3828125 0.2015625 0.08984375 0.265625
0 0.38046875 0.13125 0.07109375 0.25703125
0 0.3546875 0.43671875 0.12109375 0.3
0 0.10390625 0.40859375 0.09453125 0.3140625
0 0.92265625 0.03671875 0.05703125 0.0734375