0 0.1796875 0.6453125 0.11015625 0.31796875
0 0.06015625 0.8765625 0.1203125 0.24609375
0 0.4546875 0.7515625 0.08515625 0.36328125
0 0.6109375 0.72265625 0.08203125 0.32109375
0 0.76875 0.60234375 0.07890625 0.2890625
0 0.8 0.37421875 0.0796875 0.2484375
0 0.871875 0.3140625 0.0640625 0.253125
0 0.91640625 0.3390625 0.08984375 0.30625
0 0.81328125 0.18828125 0.06953125 0.209375
0 0.909375 0.096875 0.06875 0.19375
0 0.96015625 0.07734375 0.046875 0.1546875
0 0.821875 0.05703125 0.05 0.1140625
0 0.36171875 0.26875 0.084375 0.25703125
0 0.27421875 0.24375 0.08984375 0.265625
0 0.27890625 0.16484375 0.07109375 0.25703125
0 0.225 0.509375 0.12109375 0.3