0 0.259375 0.67890625 0.1078125 0.36484375
0 0.41640625 0.91875 0.09296875 0.1625
0 0.57421875 0.5453125 0.0828125 0.31953125
0 0.7796875 0.084375 0.0609375 0.16796875
0 0.83515625 0.2640625 0.08046875 0.26015625
0 0.81484375 0.48515625 0.08203125 0.28515625
0 0.909375 0.22578125 0.07578125 0.2296875
0 0.6953125 0.534375 0.07578125 0.29609375
0 0.92265625 0.05703125 0.04296875 0.1140625
0 0.2328125 0.32578125 0.09453125 0.27890625
0 0.171875 0.225 0.0890625 0.26796875
0 0.1515625 0.30703125 0.09453125 0.275
0 0.8984375 0.11875 0.0875 0.2375
0 0.96640625 0.2421875 0.0671875 0.278125
0 0.053125 0.634375 0.09609375 0.31171875
0 0.07734375 0.559375 0.12109375 0.2984375
0 0.97421875 0.05390625 0.040625 0.1046875