0 0.2140625 0.65078125 0.11015625 0.31796875
0 0.38671875 0.84140625 0.1015625 0.31640625
0 0.565625 0.809375 0.08203125 0.32109375
0 0.75234375 0.684375 0.0796875 0.303125
0 0.7796875 0.4265625 0.0796875 0.2484375
0 0.859375 0.3421875 0.0640625 0.253125
0 0.89765625 0.3921875 0.08984375 0.30625
0 0.7765625 0.24453125 0.08671875 0.303125
0 0.90234375 0.140625 0.06796875 0.19453125
0 0.94140625 0.0890625 0.0546875 0.178125
0 0.83046875 0.05703125 0.0484375 0.1140625
0 0.4046875 0.2546875 0.084375 0.25703125
0 0.31953125 0.22734375 0.08984375 0.265625
0 0.31796875 0.15390625 0.07109375 0.25703125
0 0.2734375 0.48671875 0.12109375 0.3
0 0.046875 0.4625 0.09375 0.3140625