0 0.12734375 0.615625 0.11015625 0.31796875
0 0.1203125 0.80859375 0.14453125 0.38203125
0 0.496875 0.66484375 0.08515625 0.36328125
0 0.64375 0.65390625 0.08203125 0.32109375
0 0.78515625 0.55859375 0.07890625 0.2890625
0 0.815625 0.3453125 0.0796875 0.2484375
0 0.884375 0.26875 0.0640625 0.253125
0 0.93046875 0.3109375 0.08984375 0.30625
0 0.8421875 0.1515625 0.06953125 0.209375
0 0.91640625 0.07265625 0.05390625 0.13828125
0 0.965625 0.07734375 0.046875 0.1546875
0 0.80625 0.05703125 0.05 0.1140625
0 0.32421875 0.27578125 0.084375 0.25703125
0 0.23984375 0.27265625 0.08984375 0.265625
0 0.23984375 0.18515625 0.07109375 0.25703125
0 0.19140625 0.5328125 0.12109375 0.3