0 0.146875 0.646875 0.11015625 0.31796875
0 0.071875 0.8078125 0.14375 0.38125
0 0.47421875 0.71953125 0.08515625 0.36328125
0 0.62734375 0.68828125 0.08203125 0.32109375
0 0.775 0.590625 0.07890625 0.2890625
0 0.81015625 0.35703125 0.0796875 0.2484375
0 0.8765625 0.28671875 0.0640625 0.253125
0 0.925 0.31328125 0.08984375 0.30625
0 0.8265625 0.1703125 0.06953125 0.209375
0 0.9109375 0.096875 0.06875 0.19375
0 0.96171875 0.07734375 0.046875 0.1546875
0 0.8140625 0.05703125 0.05 0.1140625
0 0.34375 0.28046875 0.084375 0.25703125
0 0.25859375 0.2609375 0.08984375 0.265625
0 0.259375 0.17109375 0.07109375 0.25703125
0 0.1953125 0.5109375 0.12109375 0.3