0 0.32421875 0.628125 0.1078125 0.36484375
0 0.475 0.88203125 0.0875 0.2359375
0 0.60546875 0.4859375 0.0828125 0.31953125
0 0.76640625 0.084375 0.0609375 0.16796875
0 0.85078125 0.228125 0.08046875 0.26015625
0 0.834375 0.44140625 0.08203125 0.28515625
0 0.93125 0.2078125 0.07578125 0.2296875
0 0.71171875 0.4984375 0.07265625 0.2796875
0 0.92265625 0.05703125 0.04296875 0.1140625
0 0.1859375 0.346875 0.09453125 0.27890625
0 0.1359375 0.23359375 0.0890625 0.26796875
0 0.10625 0.32265625 0.09453125 0.275
0 0.909375 0.11875 0.0875 0.2375
0 0.9671875 0.24140625 0.0515625 0.25546875
0 0.04375 0.64921875 0.08671875 0.25546875
0 0.04609375 0.571875 0.0921875 0.284375
0 0.9796875 0.0515625 0.040625 0.103125