0 0.2828125 0.6640625 0.1078125 0.36484375
0 0.43046875 0.91796875 0.0921875 0.1640625
0 0.5796875 0.53046875 0.0828125 0.31953125
0 0.77265625 0.084375 0.0609375 0.16796875
0 0.84453125 0.24609375 0.08046875 0.26015625
0 0.8234375 0.471875 0.08203125 0.28515625
0 0.9109375 0.2140625 0.07578125 0.2296875
0 0.6984375 0.53515625 0.07578125 0.29609375
0 0.92265625 0.05703125 0.04296875 0.1140625
0 0.22578125 0.32578125 0.09453125 0.27890625
0 0.16328125 0.22578125 0.0890625 0.26796875
0 0.1421875 0.31171875 0.09453125 0.275
0 0.8984375 0.11875 0.0875 0.2375
0 0.96640625 0.23046875 0.0671875 0.2796875
0 0.0484375 0.63359375 0.09609375 0.31171875
0 0.071875 0.55625 0.12109375 0.2984375
0 0.9796875 0.05234375 0.040625 0.1046875