0 0.3234375 0.653125 0.1078125 0.36484375
0 0.45703125 0.9015625 0.09375 0.196875
0 0.59765625 0.49375 0.0828125 0.31953125
0 0.77265625 0.084375 0.0609375 0.16796875
0 0.85078125 0.228125 0.08046875 0.26015625
0 0.834375 0.44140625 0.08203125 0.28515625
0 0.93125 0.2078125 0.07578125 0.2296875
0 0.71171875 0.4984375 0.07265625 0.2796875
0 0.92265625 0.05703125 0.04296875 0.1140625
0 0.1953125 0.3421875 0.09453125 0.27890625
0 0.1375 0.221875 0.0890625 0.26796875
0 0.1234375 0.3171875 0.09453125 0.275
0 0.90859375 0.12109375 0.08671875 0.23828125
0 0.96640625 0.23203125 0.0671875 0.2796875
0 0.04765625 0.64375 0.0953125 0.28828125
0 0.04609375 0.546875 0.0921875 0.28359375
0 0.9796875 0.05234375 0.040625 0.1046875