0 0.3328125 0.6078125 0.11015625 0.31796875
0 0.46328125 0.91796875 0.07265625 0.1640625
0 0.69375 0.79765625 0.0796875 0.303125
0 0.71484375 0.54921875 0.0796875 0.2484375
0 0.8171875 0.43203125 0.06015625 0.31640625
0 0.87421875 0.4921875 0.08984375 0.30625
0 0.71484375 0.3265625 0.08671875 0.303125
0 0.86953125 0.2328125 0.06640625 0.23984375
0 0.91328125 0.15078125 0.05078125 0.1921875
0 0.84140625 0.05703125 0.0484375 0.1140625
0 0.5015625 0.21484375 0.084375 0.25703125
0 0.40078125 0.1890625 0.08984375 0.265625
0 0.39296875 0.12890625 0.07109375 0.25703125
0 0.37265625 0.4109375 0.12109375 0.3
0 0.12890625 0.3890625 0.09453125 0.3140625
0 0.92265625 0.03671875 0.05703125 0.0734375
0 0.03984375 0.43046875 0.07890625 0.334375