0 0.4390625 0.51015625 0.0890625 0.3484375
0 0.5796875 0.81640625 0.1 0.3671875
0 0.65625 0.3859375 0.07890625 0.27734375
0 0.7296875 0.10234375 0.0609375 0.20390625
0 0.86640625 0.16875 0.07734375 0.2375
0 0.86640625 0.3828125 0.0796875 0.26796875
0 0.7890625 0.034375 0.0375 0.06875
0 0.83046875 0.04453125 0.0484375 0.0890625
0 0.96328125 0.140625 0.059375 0.23828125
0 0.75546875 0.41796875 0.07265625 0.2796875
0 0.93515625 0.04609375 0.0421875 0.09140625
0 0.10625 0.39453125 0.09453125 0.27890625
0 0.065625 0.2875 0.0890625 0.26796875
0 0.0328125 0.3765625 0.065625 0.2703125
0 0.9640625 0.08984375 0.06953125 0.1796875