0 0.1125 0.62578125 0.11015625 0.31796875
0 0.1484375 0.80859375 0.14453125 0.38203125
0 0.51015625 0.6484375 0.08515625 0.36328125
0 0.64921875 0.63203125 0.08203125 0.32109375
0 0.79453125 0.546875 0.07890625 0.2890625
0 0.82421875 0.328125 0.0796875 0.2484375
0 0.89453125 0.2640625 0.05625 0.24375
0 0.95078125 0.28671875 0.07734375 0.2890625
0 0.85390625 0.13125 0.06953125 0.209375
0 0.91953125 0.07109375 0.05390625 0.13828125
0 0.97265625 0.0625 0.04453125 0.125
0 0.8046875 0.06875 0.05 0.1375
0 0.29453125 0.2890625 0.084375 0.25703125
0 0.2265625 0.28046875 0.08984375 0.265625
0 0.228125 0.190625 0.07109375 0.25703125
0 0.14609375 0.525 0.11328125 0.3