0 0.0875 0.63125 0.11015625 0.31796875
0 0.1875 0.74453125 0.14453125 0.38203125
0 0.34296875 0.965625 0.07109375 0.06875
0 0.5296875 0.6015625 0.08515625 0.36328125
0 0.665625 0.59296875 0.08203125 0.32109375
0 0.79453125 0.528125 0.07890625 0.2890625
0 0.83046875 0.3140625 0.0796875 0.2484375
0 0.89140625 0.25078125 0.05625 0.24375
0 0.95390625 0.27421875 0.07734375 0.2890625
0 0.865625 0.1265625 0.06953125 0.209375
0 0.9234375 0.06875 0.053125 0.1375
0 0.97421875 0.0625 0.04453125 0.125
0 0.7984375 0.06875 0.05 0.1375
0 0.28359375 0.30390625 0.084375 0.25703125
0 0.19921875 0.29609375 0.08984375 0.265625
0 0.20703125 0.203125 0.07109375 0.25703125
0 0.1234375 0.534375 0.11328125 0.3