0 0.1578125 0.6453125 0.11015625 0.31796875
0 0.06171875 0.84375 0.1234375 0.309375
0 0.4640625 0.73515625 0.08515625 0.36328125
0 0.6171875 0.70546875 0.08203125 0.32109375
0 0.76875 0.59609375 0.07890625 0.2890625
0 0.803125 0.36171875 0.0796875 0.2484375
0 0.87421875 0.30390625 0.0640625 0.253125
0 0.92265625 0.3375 0.08984375 0.30625
0 0.8171875 0.17578125 0.06953125 0.209375
0 0.91640625 0.0984375 0.06796875 0.19453125
0 0.95546875 0.07734375 0.046875 0.1546875
0 0.815625 0.05703125 0.05 0.1140625
0 0.3546875 0.27578125 0.084375 0.25703125
0 0.26796875 0.25390625 0.08984375 0.265625
0 0.27421875 0.165625 0.07109375 0.25703125
0 0.209375 0.5140625 0.12109375 0.3