0 0.49453125 0.44609375 0.08671875 0.325
0 0.61640625 0.74140625 0.09296875 0.33828125
0 0.68203125 0.340625 0.06171875 0.2734375
0 0.70546875 0.090625 0.0578125 0.18046875
0 0.86796875 0.14921875 0.08203125 0.28203125
0 0.88046875 0.3546875 0.0796875 0.26796875
0 0.7765625 0.04765625 0.03515625 0.0953125
0 0.8109375 0.053125 0.0484375 0.10625
0 0.97265625 0.115625 0.0546875 0.221875
0 0.778125 0.3625 0.0703125 0.25625
0 0.93671875 0.0359375 0.0390625 0.07109375
0 0.03125 0.4140625 0.0625 0.2796875