0 0.4609375 0.4859375 0.0890625 0.3484375
0 0.58125 0.81171875 0.1 0.36640625
0 0.67109375 0.353125 0.07890625 0.27734375
0 0.7234375 0.10234375 0.0609375 0.20390625
0 0.86796875 0.146875 0.08203125 0.28203125
0 0.8703125 0.3625 0.0796875 0.26796875
0 0.7875 0.034375 0.0375 0.06875
0 0.82578125 0.04453125 0.0484375 0.0890625
0 0.96328125 0.140625 0.059375 0.23828125
0 0.76484375 0.396875 0.07265625 0.2796875
0 0.93515625 0.04609375 0.0421875 0.09140625
0 0.075 0.39609375 0.0734375 0.27890625
0 0.0453125 0.27421875 0.08984375 0.23125
0 0.02734375 0.41171875 0.0546875 0.2265625
0 0.9640625 0.08984375 0.06953125 0.1796875