0 0.2953125 0.62734375 0.11015625 0.31796875
0 0.2796875 0.88984375 0.096875 0.2203125
0 0.49375 0.85703125 0.0875 0.2859375
0 0.71328125 0.74296875 0.0796875 0.303125
0 0.74375 0.50625 0.0796875 0.2484375
0 0.82890625 0.39375 0.0640625 0.253125
0 0.88125 0.4515625 0.08984375 0.30625
0 0.7359375 0.309375 0.08671875 0.303125
0 0.88046875 0.190625 0.06796875 0.19453125
0 0.928125 0.11953125 0.05078125 0.1921875
0 0.84140625 0.05703125 0.0484375 0.1140625
0 0.47421875 0.22421875 0.084375 0.25703125
0 0.37421875 0.2078125 0.08984375 0.265625
0 0.3734375 0.13671875 0.07109375 0.25703125
0 0.340625 0.44296875 0.12109375 0.3
0 0.09375 0.42109375 0.09453125 0.3140625
0 0.925 0.03671875 0.05703125 0.0734375