0 0.0828125 0.64453125 0.11015625 0.31796875
0 0.196875 0.74609375 0.14453125 0.38203125
0 0.3640625 0.95234375 0.075 0.0953125
0 0.5453125 0.5953125 0.08515625 0.36328125
0 0.675 0.57890625 0.08203125 0.32109375
0 0.7984375 0.515625 0.07890625 0.2890625
0 0.834375 0.31015625 0.0796875 0.2484375
0 0.89765625 0.2390625 0.05625 0.24375
0 0.95703125 0.2703125 0.07734375 0.2890625
0 0.871875 0.1203125 0.06953125 0.209375
0 0.92265625 0.07109375 0.05390625 0.13828125
0 0.97734375 0.0625 0.04453125 0.125
0 0.7953125 0.06875 0.05 0.1375
0 0.2609375 0.3015625 0.06328125 0.26484375
0 0.19453125 0.29609375 0.08984375 0.265625
0 0.2 0.20078125 0.07109375 0.25703125
0 0.11875 0.540625 0.11328125 0.3