0 0.2984375 0.65390625 0.1078125 0.36484375
0 0.44375 0.9015625 0.09375 0.196875
0 0.59453125 0.4984375 0.0828125 0.31953125
0 0.77265625 0.084375 0.0609375 0.16796875
0 0.85078125 0.228125 0.08046875 0.26015625
0 0.821875 0.45 0.08203125 0.28515625
0 0.93125 0.2078125 0.07578125 0.2296875
0 0.70390625 0.52890625 0.07578125 0.29609375
0 0.92265625 0.05703125 0.04296875 0.1140625
0 0.203125 0.340625 0.09453125 0.27890625
0 0.1515625 0.22890625 0.0890625 0.26796875
0 0.134375 0.31875 0.09453125 0.275
0 0.90859375 0.12109375 0.08671875 0.23828125
0 0.96640625 0.23203125 0.0671875 0.2796875
0 0.0484375 0.64296875 0.09609375 0.31171875
0 0.06640625 0.55625 0.12109375 0.2984375
0 0.9796875 0.05234375 0.040625 0.1046875