0 0.1796875 0.6453125 0.11015625 0.31796875
0 0.0515625 0.9015625 0.103125 0.196875
0 0.4390625 0.76015625 0.08515625 0.36328125
0 0.5984375 0.73203125 0.08203125 0.32109375
0 0.76875 0.60234375 0.07890625 0.2890625
0 0.8 0.37421875 0.0796875 0.2484375
0 0.871875 0.3140625 0.0640625 0.253125
0 0.91640625 0.3390625 0.08984375 0.30625
0 0.803125 0.1921875 0.06953125 0.209375
0 0.909375 0.096875 0.06875 0.19375
0 0.95703125 0.0890625 0.0546875 0.178125
0 0.821875 0.05703125 0.05 0.1140625
0 0.371875 0.2546875 0.084375 0.25703125
0 0.2828125 0.2390625 0.08984375 0.265625
0 0.28515625 0.1640625 0.07109375 0.25703125
0 0.225 0.509375 0.12109375 0.3