0 0.10234375 0.63046875 0.11015625 0.31796875
0 0.1640625 0.75703125 0.14453125 0.38203125
0 0.525 0.6296875 0.08515625 0.36328125
0 0.6578125 0.60234375 0.08203125 0.32109375
0 0.796875 0.5390625 0.07890625 0.2890625
0 0.825 0.31953125 0.0796875 0.2484375
0 0.890625 0.26171875 0.05625 0.24375
0 0.94765625 0.271875 0.07734375 0.2890625
0 0.85859375 0.128125 0.06953125 0.209375
0 0.91875 0.06875 0.053125 0.1375
0 0.971875 0.0625 0.04453125 0.125
0 0.7984375 0.06875 0.05 0.1375
0 0.28828125 0.3046875 0.084375 0.25703125
0 0.2078125 0.2828125 0.08984375 0.265625
0 0.22109375 0.1984375 0.07109375 0.25703125
0 0.1328125 0.528125 0.11328125 0.3