0 0.4515625 0.49375 0.0890625 0.3484375
0 0.5796875 0.81640625 0.1 0.3671875
0 0.66640625 0.36484375 0.07890625 0.27734375
0 0.7296875 0.10234375 0.0609375 0.20390625
0 0.86796875 0.146875 0.08203125 0.28203125
0 0.86953125 0.36953125 0.0796875 0.26796875
0 0.7890625 0.034375 0.0375 0.06875
0 0.83046875 0.04453125 0.0484375 0.0890625
0 0.96328125 0.140625 0.059375 0.23828125
0 0.759375 0.40234375 0.07265625 0.2796875
0 0.93515625 0.04609375 0.0421875 0.09140625
0 0.08828125 0.3890625 0.08359375 0.27890625
0 0.04921875 0.26796875 0.08984375 0.23125
0 0.028125 0.3859375 0.05546875 0.24296875
0 0.9640625 0.08984375 0.06953125 0.1796875