0 0.140625 0.653125 0.11015625 0.31796875
0 0.0890625 0.80859375 0.14453125 0.38203125
0 0.484375 0.70546875 0.08515625 0.36328125
0 0.63359375 0.67578125 0.08203125 0.32109375
0 0.78046875 0.56484375 0.07890625 0.2890625
0 0.81484375 0.35078125 0.0796875 0.2484375
0 0.88125 0.271875 0.0640625 0.253125
0 0.9265625 0.3125 0.08984375 0.30625
0 0.83203125 0.16171875 0.06953125 0.209375
0 0.9078125 0.096875 0.06875 0.19375
0 0.9609375 0.07734375 0.046875 0.1546875
0 0.8125 0.05703125 0.05 0.1140625
0 0.33828125 0.28359375 0.084375 0.25703125
0 0.24921875 0.27109375 0.08984375 0.265625
0 0.2546875 0.17578125 0.07109375 0.25703125
0 0.18828125 0.53515625 0.12109375 0.3