0 0.25625 0.56953125 0.04375 0.16484375
0 0.134375 0.58125 0.08125 0.12109375
0 0.084375 0.53203125 0.034375 0.09375
0 0.0546875 0.52734375 0.03125 0.1
0 0.31640625 0.56640625 0.0734375 0.0875
0 0.24375 0.559375 0.06875 0.10234375
0 0.21015625 0.56640625 0.0359375 0.17890625
0 0.775 0.60390625 0.04375 0.18359375
0 0.746875 0.56484375 0.025 0.07890625
0 0.696875 0.56640625 0.021875 0.075
0 0.7859375 0.628125 0.084375 0.25625
0 0.73125 0.58671875 0.0375 0.11484375
0 0.4875 0.553125 0.0375 0.09375
0 0.24921875 0.60859375 0.0421875 0.19609375
0 0.18828125 0.596875 0.0515625 0.19765625
0 0.86328125 0.678125 0.2734375 0.64375
0 0.10625 0.528125 0.021875 0.07734375
0 0.33359375 0.56796875 0.0359375 0.09765625