11 0.25104166666666666 0.959375 0.027083333333333334 0.0390625
11 0.15208333333333332 0.95625 0.027083333333333334 0.034375
11 0.44166666666666665 0.971875 0.034375 0.034375
11 0.5854166666666667 0.915625 0.022916666666666665 0.034375
11 0.4875 0.81875 0.025 0.0390625
11 0.5375 0.715625 0.034375 0.0359375
11 0.35520833333333335 0.78125 0.03958333333333333 0.0390625
11 0.5052083333333334 0.6234375 0.020833333333333332 0.028125
11 0.8979166666666667 0.6984375 0.025 0.040625
11 0.8020833333333334 0.9125 0.034375 0.0515625
11 0.6208333333333333 0.5828125 0.022916666666666665 0.04375
11 0.4041666666666667 0.509375 0.014583333333333334 0.0171875
11 0.23645833333333333 0.496875 0.016666666666666666 0.0203125
11 0.7197916666666667 0.584375 0.014583333333333334 0.0140625
11 0.7395833333333334 0.46875 0.0125 0.025
11 0.6229166666666667 0.396875 0.0125 0.0140625
11 0.051041666666666666 0.715625 0.016666666666666666 0.0296875
11 0.75625 0.35 0.009375 0.0140625
11 0.7958333333333333 0.39375 0.0125 0.0171875