11 0.30104166666666665 0.2015625 0.20208333333333334 0.190625
11 0.8895833333333333 0.2640625 0.17083333333333334 0.175
11 0.05625 0.9359375 0.025 0.034375
11 0.44895833333333335 0.96875 0.020833333333333332 0.04375
11 0.16041666666666668 0.884375 0.029166666666666667 0.0484375
11 0.004166666666666667 0.83125 0.008333333333333333 0.0203125
11 0.004166666666666667 0.8359375 0.008333333333333333 0.021875
11 0.25833333333333336 0.878125 0.014583333333333334 0.0171875
11 0.25416666666666665 0.75625 0.014583333333333334 0.0265625
11 0.12708333333333333 0.7 0.0125 0.0171875
11 0.24791666666666667 0.6375 0.0125 0.0140625
11 0.29583333333333334 0.675 0.016666666666666666 0.0203125
11 0.7729166666666667 0.9484375 0.24583333333333332 0.103125