0 0.1171875 0.6140625 0.0375 0.04140625
0 0.153125 0.61171875 0.034375 0.0453125
0 0.06953125 0.621875 0.06015625 0.03671875
0 0.03203125 0.66796875 0.0484375 0.0421875
0 0.12734375 0.72265625 0.0890625 0.06328125
0 0.2140625 0.6265625 0.0640625 0.0484375
0 0.25703125 0.64140625 0.07265625 0.04375
0 0.24609375 0.63046875 0.07421875 0.05078125
0 0.63125 0.78984375 0.121875 0.046875
0 0.578125 0.7671875 0.0859375 0.065625
0 0.7 0.62265625 0.06484375 0.03671875
0 0.65625 0.60390625 0.07109375 0.0546875
0 0.61171875 0.6078125 0.0296875 0.0328125
0 0.57578125 0.59609375 0.046875 0.0484375
0 0.58984375 0.60859375 0.021875 0.02578125
0 0.778125 0.5984375 0.06796875 0.04375
0 0.75625 0.5328125 0.0609375 0.03828125
0 0.05 0.59375 0.03046875 0.03125
0 0.01953125 0.6140625 0.03125 0.0265625
0 0.35234375 0.6828125 0.01484375 0.04921875
0 0.29921875 0.66875 0.03828125 0.0296875
0 0.44453125 0.721875 0.065625 0.05
0 0.54375 0.746875 0.1375 0.0796875
0 0.93359375 0.5953125 0.05546875 0.04453125
0 0.9640625 0.67578125 0.071875 0.0484375
0 0.9890625 0.6390625 0.021875 0.04140625
0 0.88671875 0.6609375 0.06328125 0.04765625
0 0.91640625 0.6703125 0.04296875 0.05390625
0 0.85546875 0.6546875 0.02734375 0.034375
0 0.84609375 0.6140625 0.0609375 0.02890625
0 0.865625 0.58515625 0.03515625 0.02734375
0 0.8859375 0.5890625 0.03671875 0.028125
0 0.83984375 0.58515625 0.0296875 0.03046875
0 0.821875 0.58671875 0.0375 0.02578125
0 0.7078125 0.590625 0.04765625 0.028125
0 0.25703125 0.7921875 0.12109375 0.06015625
0 0.22265625 0.7953125 0.10703125 0.0578125
0 0.171875 0.75 0.0640625 0.04609375