0 0.8828125 0.6140625 0.0375 0.04140625
0 0.846875 0.61171875 0.034375 0.0453125
0 0.93046875 0.621875 0.06015625 0.03671875
0 0.96796875 0.66796875 0.0484375 0.0421875
0 0.87265625 0.72265625 0.0890625 0.06328125
0 0.7859375 0.6265625 0.0640625 0.0484375
0 0.74296875 0.64140625 0.07265625 0.04375
0 0.75390625 0.63046875 0.07421875 0.05078125
0 0.36875 0.78984375 0.121875 0.046875
0 0.421875 0.7671875 0.0859375 0.065625
0 0.3 0.62265625 0.06484375 0.03671875
0 0.34375 0.60390625 0.07109375 0.0546875
0 0.38828125 0.6078125 0.0296875 0.0328125
0 0.42421875 0.59609375 0.046875 0.0484375
0 0.41015625 0.60859375 0.021875 0.02578125
0 0.221875 0.5984375 0.06796875 0.04375
0 0.24375 0.5328125 0.0609375 0.03828125
0 0.95 0.59375 0.03046875 0.03125
0 0.98046875 0.6140625 0.03125 0.0265625
0 0.64765625 0.6828125 0.01484375 0.04921875
0 0.70078125 0.66875 0.03828125 0.0296875
0 0.55546875 0.721875 0.065625 0.05
0 0.45625 0.746875 0.1375 0.0796875
0 0.06640625 0.5953125 0.05546875 0.04453125
0 0.0359375 0.67578125 0.071875 0.0484375
0 0.0109375 0.6390625 0.021875 0.04140625
0 0.11328125 0.6609375 0.06328125 0.04765625
0 0.08359375 0.6703125 0.04296875 0.05390625
0 0.14453125 0.6546875 0.02734375 0.034375
0 0.15390625 0.6140625 0.0609375 0.02890625
0 0.134375 0.58515625 0.03515625 0.02734375
0 0.1140625 0.5890625 0.03671875 0.028125
0 0.16015625 0.58515625 0.0296875 0.03046875
0 0.178125 0.58671875 0.0375 0.02578125
0 0.2921875 0.590625 0.04765625 0.028125
0 0.74296875 0.7921875 0.12109375 0.06015625
0 0.77734375 0.7953125 0.10703125 0.0578125
0 0.828125 0.75 0.0640625 0.04609375