0 0.85546875 0.33359375 0.115625 0.125
0 0.84453125 0.61484375 0.11484375 0.084375
0 0.5828125 0.91015625 0.2125 0.1375
0 0.8578125 0.10390625 0.109375 0.078125
0 0.61171875 0.15078125 0.1125 0.1078125
0 0.47265625 0.18515625 0.09453125 0.11953125
0 0.32265625 0.04453125 0.04375 0.05703125
0 0.328125 0.25546875 0.09765625 0.090625
0 0.47890625 0.3953125 0.09609375 0.08828125
0 0.61015625 0.39375 0.11484375 0.121875
0 0.30703125 0.4578125 0.08515625 0.1375
0 0.22890625 0.509375 0.04765625 0.08828125
0 0.33671875 0.68203125 0.128125 0.125
0 0.2328125 0.71953125 0.071875 0.1375
0 0.17890625 0.52890625 0.040625 0.10234375
0 0.48671875 0.64140625 0.11015625 0.1375
0 0.61640625 0.6171875 0.14609375 0.11953125
0 0.8859375 0.9203125 0.228125 0.159375
0 0.359375 0.96015625 0.0953125 0.07890625
0 0.97890625 0.0703125 0.04140625 0.140625
0 0.240625 0.2875 0.05390625 0.0953125