0 0.14453125 0.33359375 0.115625 0.125
0 0.15546875 0.61484375 0.11484375 0.084375
0 0.4171875 0.91015625 0.2125 0.1375
0 0.1421875 0.10390625 0.109375 0.078125
0 0.38828125 0.15078125 0.1125 0.1078125
0 0.52734375 0.18515625 0.09453125 0.11953125
0 0.67734375 0.04453125 0.04375 0.05703125
0 0.671875 0.25546875 0.09765625 0.090625
0 0.52109375 0.3953125 0.09609375 0.08828125
0 0.38984375 0.39375 0.11484375 0.121875
0 0.69296875 0.4578125 0.08515625 0.1375
0 0.77109375 0.509375 0.04765625 0.08828125
0 0.66328125 0.68203125 0.128125 0.125
0 0.7671875 0.71953125 0.071875 0.1375
0 0.82109375 0.52890625 0.040625 0.10234375
0 0.51328125 0.64140625 0.11015625 0.1375
0 0.38359375 0.6171875 0.14609375 0.11953125
0 0.1140625 0.9203125 0.228125 0.159375
0 0.640625 0.96015625 0.0953125 0.07890625
0 0.02109375 0.0703125 0.04140625 0.140625
0 0.759375 0.2875 0.05390625 0.0953125