0 0.63828125 0.0625 0.1359375 0.125
0 0.5625 0.0328125 0.08671875 0.0625
0 0.76015625 0.15625 0.13046875 0.190625
0 0.88359375 0.30546875 0.12421875 0.1671875
0 0.7265625 0.70546875 0.1609375 0.21875
0 0.659375 0.6109375 0.15 0.20703125
0 0.58984375 0.534375 0.1390625 0.196875
0 0.403125 0.29375 0.153125 0.18515625
0 0.3 0.1734375 0.13203125 0.15234375
0 0.15859375 0.30859375 0.13515625 0.15859375
0 0.2078125 0.371875 0.15 0.19375
0 0.25625 0.453125 0.15078125 0.2
0 0.3171875 0.52109375 0.16171875 0.2140625
0 0.06328125 0.88671875 0.12578125 0.17890625
0 0.0296875 0.775 0.05859375 0.115625
0 0.12265625 0.93515625 0.12734375 0.08984375