0 0.4734375 0.8328125 0.2765625 0.3296875
0 0.2421875 0.575 0.2328125 0.42734375
0 0.8421875 0.609375 0.27890625 0.4046875
0 0.0921875 0.73828125 0.1828125 0.4046875
0 0.76796875 0.2671875 0.23125 0.315625
0 0.6515625 0.73828125 0.3171875 0.5
0 0.22265625 0.9046875 0.2375 0.18671875
0 0.43203125 0.49921875 0.23125 0.365625
0 0.93359375 0.459375 0.1328125 0.35
0 0.925 0.17421875 0.15 0.26171875
0 0.2140625 0.08984375 0.16875 0.1796875
0 0.09453125 0.12578125 0.1671875 0.2515625
0 0.628125 0.35546875 0.24609375 0.41171875
0 0.4546875 0.0328125 0.1265625 0.065625
0 0.98515625 0.04453125 0.0296875 0.08828125