0 0.5265625 0.8328125 0.2765625 0.3296875
0 0.7578125 0.575 0.2328125 0.42734375
0 0.1578125 0.609375 0.27890625 0.4046875
0 0.9078125 0.73828125 0.1828125 0.4046875
0 0.23203125 0.2671875 0.23125 0.315625
0 0.3484375 0.73828125 0.3171875 0.5
0 0.77734375 0.9046875 0.2375 0.18671875
0 0.56796875 0.49921875 0.23125 0.365625
0 0.06640625 0.459375 0.1328125 0.35
0 0.075 0.17421875 0.15 0.26171875
0 0.7859375 0.08984375 0.16875 0.1796875
0 0.90546875 0.12578125 0.1671875 0.2515625
0 0.371875 0.35546875 0.24609375 0.41171875
0 0.5453125 0.0328125 0.1265625 0.065625
0 0.01484375 0.04453125 0.0296875 0.08828125