0 0.2078125 0.20859375 0.26015625 0.06171875
0 0.7671875 0.22109375 0.35625 0.13125
0 0.9203125 0.41953125 0.159375 0.29375
0 0.87109375 0.5921875 0.2546875 0.28828125
0 0.73984375 0.709375 0.27265625 0.328125
0 0.834375 0.8375 0.3265625 0.2625
0 0.478125 0.81015625 0.27890625 0.20078125
0 0.42578125 0.8890625 0.27109375 0.16640625
0 0.103125 0.8359375 0.2015625 0.17578125
0 0.4078125 0.7109375 0.29609375 0.3765625
0 0.5375 0.621875 0.1421875 0.25078125
0 0.5671875 0.45234375 0.275 0.37265625
0 0.671875 0.37109375 0.2390625 0.2734375
0 0.34375 0.39609375 0.21484375 0.16640625
0 0.27265625 0.48984375 0.22734375 0.18203125
0 0.1734375 0.596875 0.18359375 0.234375
0 0.08515625 0.3796875 0.16484375 0.3015625
0 0.1421875 0.30625 0.21484375 0.22265625
0 0.36484375 0.26015625 0.2796875 0.11640625