0 0.12421875 0.46484375 0.05703125 0.0484375
0 0.02265625 0.3546875 0.04453125 0.025
0 0.2078125 0.5171875 0.07421875 0.06640625
0 0.25 0.5 0.07265625 0.06640625
0 0.32265625 0.6640625 0.0640625 0.11328125
0 0.55703125 0.5265625 0.103125 0.0921875
0 0.4359375 0.453125 0.07421875 0.0703125
0 0.353125 0.5078125 0.08046875 0.07421875
0 0.24765625 0.4265625 0.05703125 0.0453125
0 0.23984375 0.33671875 0.03515625 0.028125
0 0.28203125 0.33046875 0.03125 0.028125
0 0.3390625 0.3234375 0.03125 0.02421875
0 0.39921875 0.3234375 0.02890625 0.0234375
0 0.4 0.3078125 0.0390625 0.02890625
0 0.53984375 0.30625 0.015625 0.015625
0 0.6296875 0.29296875 0.01328125 0.01328125
0 0.7203125 0.31640625 0.0296875 0.01484375
0 0.72265625 0.38671875 0.0484375 0.0375
0 0.51171875 0.4234375 0.065625 0.0375
0 0.309375 0.47421875 0.0671875 0.03828125
0 0.54453125 0.65390625 0.08203125 0.09453125
0 0.67890625 0.5078125 0.08828125 0.08203125
0 0.759375 0.4359375 0.06171875 0.04453125
0 0.76796875 0.4078125 0.0765625 0.04609375
0 0.78828125 0.39375 0.04453125 0.02421875
0 0.9953125 0.284375 0.00859375 0.021875
0 0.74765625 0.3046875 0.01796875 0.01328125
0 0.68125 0.303125 0.021875 0.0140625
0 0.7 0.296875 0.0203125 0.015625
0 0.7890625 0.27734375 0.00859375 0.01484375
0 0.42421875 0.37578125 0.04453125 0.0296875
0 0.3765625 0.38515625 0.0453125 0.03203125
0 0.35078125 0.39296875 0.04921875 0.0359375
0 0.31875 0.4046875 0.053125 0.0359375
0 0.28125 0.4171875 0.046875 0.0375
0 0.453125 0.36484375 0.04296875 0.03125
0 0.56953125 0.34609375 0.02734375 0.034375
0 0.59609375 0.384375 0.05078125 0.03671875
0 0.5484375 0.3796875 0.04609375 0.025
0 0.475 0.35859375 0.03203125 0.02578125
0 0.584375 0.328125 0.034375 0.01953125
0 0.6375 0.36875 0.046875 0.0265625
0 0.62734375 0.37421875 0.0390625 0.0359375
0 0.62890625 0.34375 0.04140625 0.01875
0 0.65859375 0.3421875 0.028125 0.0203125
0 0.3546875 0.29609375 0.02890625 0.0203125