0 0.87578125 0.46484375 0.05703125 0.0484375
0 0.97734375 0.3546875 0.04453125 0.025
0 0.7921875 0.5171875 0.07421875 0.06640625
0 0.75 0.5 0.07265625 0.06640625
0 0.67734375 0.6640625 0.0640625 0.11328125
0 0.44296875 0.5265625 0.103125 0.0921875
0 0.5640625 0.453125 0.07421875 0.0703125
0 0.646875 0.5078125 0.08046875 0.07421875
0 0.75234375 0.4265625 0.05703125 0.0453125
0 0.76015625 0.33671875 0.03515625 0.028125
0 0.71796875 0.33046875 0.03125 0.028125
0 0.6609375 0.3234375 0.03125 0.02421875
0 0.60078125 0.3234375 0.02890625 0.0234375
0 0.6 0.3078125 0.0390625 0.02890625
0 0.46015625 0.30625 0.015625 0.015625
0 0.3703125 0.29296875 0.01328125 0.01328125
0 0.2796875 0.31640625 0.0296875 0.01484375
0 0.27734375 0.38671875 0.0484375 0.0375
0 0.48828125 0.4234375 0.065625 0.0375
0 0.690625 0.47421875 0.0671875 0.03828125
0 0.45546875 0.65390625 0.08203125 0.09453125
0 0.32109375 0.5078125 0.08828125 0.08203125
0 0.240625 0.4359375 0.06171875 0.04453125
0 0.23203125 0.4078125 0.0765625 0.04609375
0 0.21171875 0.39375 0.04453125 0.02421875
0 0.0046875 0.284375 0.00859375 0.021875
0 0.25234375 0.3046875 0.01796875 0.01328125
0 0.31875 0.303125 0.021875 0.0140625
0 0.3 0.296875 0.0203125 0.015625
0 0.2109375 0.27734375 0.00859375 0.01484375
0 0.57578125 0.37578125 0.04453125 0.0296875
0 0.6234375 0.38515625 0.0453125 0.03203125
0 0.64921875 0.39296875 0.04921875 0.0359375
0 0.68125 0.4046875 0.053125 0.0359375
0 0.71875 0.4171875 0.046875 0.0375
0 0.546875 0.36484375 0.04296875 0.03125
0 0.43046875 0.34609375 0.02734375 0.034375
0 0.40390625 0.384375 0.05078125 0.03671875
0 0.4515625 0.3796875 0.04609375 0.025
0 0.525 0.35859375 0.03203125 0.02578125
0 0.415625 0.328125 0.034375 0.01953125
0 0.3625 0.36875 0.046875 0.0265625
0 0.37265625 0.37421875 0.0390625 0.0359375
0 0.37109375 0.34375 0.04140625 0.01875
0 0.34140625 0.3421875 0.028125 0.0203125
0 0.6453125 0.29609375 0.02890625 0.0203125